  -2.5189370906477503e-02   2.1272348585788733e-02  -5.8646813348209174e-04  -1.4765446255954440e-02   1.1085917135372016e-02  -7.6149049887854717e-05   6.7763082471693381e-02   4.7813387893832116e-04   2.4167705526635965e-02  -7.2388251197782000e-02  -2.7179272766495766e+00   1.7479097701650042e+00  -2.2992274651005697e+00   1.5070740429802212e+00  -1.9152262717712281e+00   2.9830857539922540e+00  -4.6345729676648002e+00   3.5136869932355754e+00  -2.3441116097180386e+00   2.9262463653927355e+00
  -1.1034936673434269e-02  -8.1172127055758605e-04  -1.7795823309014417e-02  -2.9383128419298313e-02  -3.1810546130304146e-03  -5.5659773405293995e-02  -6.7932965330729520e-03   1.8176959009397878e-02  -5.8191830949486170e-03   1.0516332567638094e-02   2.3549471702763034e+00   1.3845147277387919e+00   1.7063569063974326e+00   2.4131560304217041e+00  -2.7131793250296941e+00  -2.1437865943153698e+00  -1.0700281113754719e+00  -1.4681528348462538e+00  -1.9701217887104361e+00   4.5271116441603532e+00
   1.3963836608035227e-02  -1.1194432618396270e-01  -1.1423492805213669e-02   3.7164823745506788e-03   2.9321299324619212e-02  -1.3517540234341539e-02   8.4083658455486321e-02   4.2460400441395292e-03   2.2449137939264713e-01  -2.8127830359240606e-02  -7.2526553424376239e-01  -1.7284657321253984e+00  -1.5034714270026615e+00  -1.2748768798030785e+00   8.9056801715489620e-01  -3.2902078557022846e-02   4.2100269594108219e+00   2.1704589975792357e+00   9.9620628391601485e-01  -4.0402739935763758e+00
  -1.3113942365063954e-03   1.4111556228631814e-02   1.6672948240203343e-02   2.3949200465367887e-02   3.3633153253620984e-02  -1.0370640174603553e-01  -1.4191705737540399e-03   5.9152537705379361e-03  -4.7772623288974579e-03  -6.3770189422403317e-03   2.8972232280885795e+00   5.5319303773517903e-01  -1.3907693292182128e+00   3.1751016872113480e+00  -1.8836629347119007e+00  -4.2958896630002465e+00  -1.4425612635226315e+00   1.1158429370013085e+00  -5.6150798333696734e+00   8.1241671893231682e-01
  -3.7768556837588931e-02   1.5950953294738762e-02   1.2645443507096607e-02  -4.1744206970805095e-03   1.1299944166500235e-02  -3.3313596882354836e-02  -6.6145994043880539e-03   1.1593689827509850e-02   2.0607231193667504e-03  -1.1675374945218427e-02   1.1871155580095984e+00  -1.7670211874601760e+00   2.3100579345691088e+00  -2.8773670630690491e+00  -2.1023926389242154e-01   3.8637161137747750e-01   9.1986946302356964e-01  -4.1625501707494399e+00   3.8533137449717301e+00  -3.7859944894551006e-01
   3.6281498027400473e-02  -5.8022422916188685e-02  -1.7830455987039816e-02   1.6837115764765501e-02   8.8321815864876238e-03  -1.2427284395323018e-02  -3.1194013346128976e-02   1.9367749286750384e-02  -6.3893313735983726e-02   4.8053165387026125e-03   4.0296032119427388e-01  -1.9053936984316331e+00   3.0564416644478709e-01   3.1064290835582004e-02  -2.0520359841701215e+00  -6.3453419072636530e-01   1.2869576438554606e+00  -8.8275838373877882e-02  -1.1483207142799734e+00   2.1599555211411237e+00
  -1.3895830616850622e-02   8.5273904976405446e-04   1.4188158761023523e-02  -5.4870678184378680e-04  -2.9786830651372942e-02  -1.3376761296637733e-02   1.0640868003401825e-01  -4.4664565742358331e-02  -1.5786754893048288e-01   3.8108338444479889e-02  -2.1950743456555775e+00  -1.0251299028455694e+00   1.0522679776781763e+00  -6.2052736653815366e-01   2.4711074061451135e+00   4.0155147217957312e+00   1.1067323998519671e+00  -1.7014656907102590e-01   1.8914798861631386e+00  -2.8846874230375992e+00
   6.2066201529746385e-03  -1.5835081468650647e-02   2.3706960250733884e-02  -7.5342745730051230e-03   1.6286481340578069e-03   6.6409794083759688e-02   1.6882566901117574e-03  -1.7733678572572596e-02   6.3237059134476368e-03   3.4413922525600743e-02   1.0861369762534592e+00   2.6077655421369533e-01  -2.1714963830464407e+00  -3.8583780967492283e+00  -8.1901445629951908e-01  -3.1005263482612220e+00   6.2224376422911321e-01   2.3426659791855013e+00   5.2133826480212848e+00   1.1196131208284577e+00
   2.0586094922557183e-02   1.0211633993777138e-02   7.7714173959714796e-03  -1.3172176797965323e-02  -4.1345013672034973e-03   3.4204372567169959e-03   8.2527905127052770e-03   8.9588081063190078e-03  -8.9481287755660381e-03  -3.8363114011870099e-02  -1.3274185637911162e+00  -2.9806557960090818e+00  -2.0336187307447986e+00  -1.4342519156754350e+00  -3.5061332026528363e-01   6.3821392823375822e-01   2.3348361274854610e+00   2.6675968755587887e+00   3.0522553587772023e+00   8.6797302260554432e-01
   1.6626544096613242e-02   7.9415436379948901e-03   1.4248739301315642e-02   3.3826441454665679e-02   7.9138589044340218e-03  -4.2798858241268327e-02  -5.9612893620967951e-02   5.1306909619699699e-02  -1.1276208587575795e-02   1.0132683142939528e-02   1.6644959128637176e+00   1.5560607428333741e+00   2.6367639320998451e+00  -5.7460946030205911e+00   2.0941562727105762e+00  -1.3599133794810343e+00  -2.7397059889465534e+00  -4.3275521998465392e+00   6.9162556920419478e+00  -3.6543994558322099e+00
  -2.4710495801751019e-02  -5.2914906792768538e-03   9.2016462260416550e-03   2.5390752094086068e-02  -9.8084766129085989e-03  -4.1941324514237092e-02   4.5869408414931173e-02   2.0727571392571149e-02  -1.4950256849015632e-02   3.5090118955313880e-03   5.3922395825796388e-01  -3.8930235275564812e-01  -1.6177813850936666e+00  -8.6230213720641768e-01   2.4539842450300831e+00   1.8632680857972015e+00   8.3590646540027724e-01   1.1349317518116093e+00   8.4613464799798488e-01  -3.7026945636768391e+00
  -3.0830497875687295e-02   4.1986647197701640e-03   8.1008196758103699e-03  -1.9589818737973743e-02  -1.6493691006636849e-02  -4.0701656459898707e-03   1.1703072083878731e-03   3.5324208416179059e-02  -6.6549439700949002e-03  -2.1251389160327521e-02   1.9929576741797836e+00  -3.3560048728637293e+00  -8.7729254372004017e-01   2.7399699791179871e-01  -2.2045185408591341e+00  -1.3078540582315057e+00   4.7479310573573228e+00   2.5849353850080597e-01   1.3791560416792332e+00   4.0586490861459170e+00
  -1.8374065558075317e-02  -1.7344782513065551e-02  -4.8334257640916464e-02  -2.5794688754082799e-02   6.6983276504410756e-03   3.8516419247461561e-02  -3.0794057657928622e-03  -3.2244540933887830e-02  -1.1308404496977292e-01   2.0052782022654900e-02   3.2083103442317036e+00   2.2087431947913472e+00   1.7065690628461276e+00   2.3704482503740234e+00  -1.8003011353658871e+00  -3.6975023702353602e+00  -2.5323456897481589e+00   1.7225946228663225e+00  -1.0433462952416153e+00   1.6334281033413616e+00
  -1.7490859814517840e-02  -1.6758494962469997e-03  -3.4923951962783285e-02   1.0362011204882584e-02  -1.1803146794375718e-02   3.5105154920441008e-02  -1.7563900780912379e-04  -1.6197270684017006e-02   2.1340871476622145e-02   3.9949166063281572e-03   1.8739698808510321e+00  -9.5725527542092448e-01   1.1501794340201894e+00   1.8308199707863499e+00  -3.7464404864217715e-01  -2.4327447930408974e+00   1.6254958567918065e+00  -9.8483694300855196e-01  -3.6563334673272285e+00   1.2526867808153646e+00
  -6.6497131028114623e-03   3.6725157616060017e-03  -1.3353251787923928e-02   1.5983776304851732e-02   1.9749271276830203e-02  -1.0169820637390560e-01   5.2979529785871409e-03   1.2051150956799914e-02   8.8250098379933917e-02   2.0993621621837436e-02   5.5659191315519307e-01  -1.8264470795763761e+00   2.0387729574582418e+00   1.2126847261756171e+00   6.9300746847635253e-01  -3.2330632203829696e-01   2.1618787766179897e+00  -2.7535783590377472e+00  -3.6122214131800825e+00  -2.3915127254597004e+00
  -3.0871026770456996e-02  -2.2305206884789375e-02   6.5915743778841660e-03  -1.1956896613854155e-02  -1.3788150721784079e-02  -2.0698491689927625e-02  -3.7749742793557937e-02   5.2848756790486444e-02   1.3333916932662698e-02  -1.8166084870588836e-02   3.0523079905786195e+00  -6.3312409190099919e+00   1.7230342462983403e+00   4.9149117894704547e-01  -6.1806375788842409e+00  -2.9737702476322077e+00   1.1143391433763268e+01  -3.6994444411827803e+00  -1.6246943837243198e-02   9.9644192018326390e+00
   3.3552434584799944e-02  -9.1669765830785649e-03  -2.9653228008782961e-02   3.5173909701485040e-02   4.7287674903329470e-03  -2.6664514164049115e-02   9.4718367024628325e-02   2.5790276291451811e-02   3.4264622668955247e-02  -6.3757689093781062e-03   7.2249156881418060e+00   4.7953714433422895e-01   5.2682839104956791e-01  -9.0401495969713241e-01  -2.6310752627727481e+00  -1.0134118213090495e+01  -6.5278905870250437e-01  -5.3077610580482992e-01  -1.7410825738325824e+00   3.6282462439655099e+00
   1.1870299398100631e-02   2.9697499373531875e-03   8.0341353109000899e-03   5.5018778842429834e-04   2.0936669127895546e-02   2.1192288573995282e-02   2.2336426339142693e-03  -8.4490762286125315e-02   2.7828870238294112e-02  -2.1688711815601325e-03   1.9566209186721317e+00   1.5889936992917051e+00   1.2770666331498135e+00   1.4619720580643618e+00  -7.4744433928517617e-01  -4.3740605907120642e+00  -1.7166668626071928e+00  -2.5579292008593111e+00  -3.1964002201530506e+00  -1.9455699740046786e-01
  -1.3479047553455674e-03  -2.7552613364126243e-02   2.2105216996711880e-02  -2.2210975161072169e-03   2.4426965013923770e-02  -5.6470082732590930e-02   3.5529608898371680e-02  -1.2264140624170883e-04   1.0918906413235915e-01   6.7332955538337170e-03  -2.5828120139261839e+00   4.0495684147636339e+00  -1.2546207431369172e-01  -2.1648031537377772e+00   3.6143253971650395e+00   5.5986639358210244e+00  -4.9032739864325068e+00  -1.2351687754574141e+00   3.1313714061860547e+00  -6.1491719475048461e+00
  -1.6024725573742661e-02   4.0241548802470379e-03   3.7869288453849230e-02   8.4257911285118767e-02  -2.3882710070961120e-02  -4.0027581301504536e-02   6.6887339625152737e-03  -1.7160110429206215e-02  -9.9655488967234016e-02   2.4321542602527089e-02  -8.5128590503363022e-01   2.1490534178735650e+00   3.7939921771392471e+00   9.2569692784814297e+00   1.1856304731513090e+00   3.5336822829332233e+00  -3.4323796868703651e+00  -7.4041215328631544e+00  -1.6413540825052753e+01  -5.3353606994551583e-01
   5.9626082242441704e-03   4.2979915930071635e-03  -1.9021444443848328e-02   4.1709288465266139e-04   1.9452403604455069e-02   1.1825474193814748e-03   6.0878350050930029e-02   3.8026512178277370e-02   5.7451142635224953e-02  -9.4690752308632720e-02   8.0811447924540647e-01   7.1179512261732214e-01  -1.2777731545873448e+00   1.0260778173566671e+00   1.1285718343949342e+00  -1.6879802458440711e+00  -1.5754881286585989e+00   4.3967679125883186e-01  -2.9687621855943909e+00  -2.6660093218752001e+00
  -9.4872847764128736e-03   1.0365231839066677e-01  -8.4124513632321471e-03   1.3169541298836558e-02  -8.6973689748909497e-03   2.0205792423670935e-02  -1.0347985720182491e-02   7.9994451193493195e-03  -2.1631039294369665e-02  -1.1124055265071112e-02  -8.5042579229572569e-03   2.1957160410395757e+00  -2.2939257240775479e+00  -1.0648771754300044e+00   6.9637050672072293e-02   2.6880051553705625e-02  -2.9089839838154150e+00   3.6004882106537144e+00   9.9694397547693958e-01  -2.5884514665999770e-02
  -6.2585938605094534e-03  -1.4841775094347285e-02  -1.2644981948914429e-02  -3.1057688837394504e-02   2.5133804077175144e-02   6.2152028989166518e-02   2.9053308372824528e-02   2.1729008395967114e-02  -1.4745791119582583e-02  -7.9965763453147334e-03   2.5068099243966815e+00  -2.2899753439885231e+00   1.3545512625204759e+00  -2.5005590849443404e+00  -1.3672596322918071e+00  -3.9871324733801514e+00   4.7061825345206483e+00  -1.9569030531533016e+00   4.9783180356597443e+00   1.0658957028539275e+00
   1.6174323105591647e-02   8.5855232260301541e-03  -2.7797976271439366e-02  -8.0148664737208372e-02   2.7421157950611386e-02   5.3813695242832527e-02   1.1927364973619020e-02  -1.1213611291711742e-02  -5.0161038438371511e-02   3.1495628213799025e-02   8.7323482552980491e-01  -1.7163138830352664e+00   5.6471533194043366e-01   8.9078976082650174e-01  -1.7112892954327663e+00  -2.9553597185649245e+00   2.0473236739696095e+00   1.8583407630066229e+00   1.4264728920265137e+00   1.2666104853450930e+00
   3.7965283663054282e-03  -4.8422145950661521e-02   1.2260473278420361e-02   1.1791221695388097e-02  -8.0266966863392058e-03   2.4146630616424074e-02   1.5259249742437043e-02   2.3229132673987227e-02  -1.6088657578229406e-03   3.6241692644014598e-02   4.8719224211245837e+00  -7.5804122476432196e+00  -1.4909063524702129e+00   9.5128590724768247e-01   2.2483218531341631e+00  -8.1561163167229846e+00   1.4378782548217201e+01   1.7104620486012880e+00  -2.4260980946215245e+00  -3.3664780765846900e+00
   1.8093106703706407e-03   1.0766795412987275e-02  -1.7232651751321108e-02   7.1288513381861070e-03   1.8964174658669068e-02   3.8222840973092816e-02  -9.3636259558740484e-02   3.0123555717862655e-02   1.0723697809337622e-02   2.8053811042137416e-02   4.9706622279315454e-01   9.9508550972042642e-01   1.5917885868616068e+00  -2.2701768799915545e+00   2.2146505111904871e+00  -1.5036139902228012e+00  -2.1577314356335302e+00  -2.5026456749845094e+00   2.6218290854926494e+00  -3.2041358906488151e+00
   4.9280175261829425e-03   3.5562776452984418e-02  -3.5910512819780234e-03   7.1050417387929915e-03  -8.1545526547666439e-04  -8.5582003094154063e-02   1.4824250163300232e-02   4.0854523941260462e-02  -1.0156579256347702e-02  -5.8821637100598886e-03   7.9056019358466356e-01   4.8084467440224793e-01   1.7568368426165097e+00   1.5508543840409037e+00   1.2871620972454727e+00  -1.1447155879891766e+00  -2.8055327109000312e+00  -3.1725368433666024e+00  -2.0455979662244781e+00  -1.7089813839504995e+00
  -8.6952746480050969e-03   4.1034181272184521e-02  -3.8972859176455272e-04  -1.2257662618951289e-02   3.5200745416046286e-02  -4.0206256000084602e-02  -4.5563606262548299e-03   8.3267831928504052e-02  -1.5742227178387178e-02   2.2824159013870606e-02  -1.5050768115407180e+00  -1.9689122314167491e+00  -1.1624257595127201e+00   2.1136780614867425e+00  -5.1564872910541071e-01   4.0701129771450004e+00   1.0941905020145677e+00   1.5899165219402276e+00  -1.6398493789721866e+00  -2.1974230833746478e+00
  -6.7548535261146279e-04  -8.1323598246448733e-02   2.3818792844293744e-02  -2.6897513801236332e-02   1.0263661767526537e-02   2.9325162258732801e-02   4.8197464223239159e-02  -8.2551973855794936e-02   3.3996289321093880e-03  -3.3639532429925092e-03   8.5993418318558013e-01  -4.3388891313964401e-01   2.9273337679369140e+00   2.0895334184385225e-01   2.0547172025106528e+00  -1.0811710117490092e+00   1.8227834539087515e+00  -5.8755007695752752e+00   1.7368215506949989e+00  -3.0345533595787431e+00
   9.3308237910925115e-02  -6.7687341244826275e-03  -1.1927999225451836e-02  -1.5617283997836637e-02   1.9627299241347675e-02  -7.2164943080872221e-02   5.9685376217121664e-03  -5.3305636875154584e-02   2.6001199710675417e-02  -2.2240962846293799e-01  -1.4811599904694572e+00   3.7318637714697589e+00  -1.6287768610724362e+00  -3.6577693859039545e-01  -7.2243127857564626e-01   1.6868229932927472e+00  -5.6833875657326534e+00   3.0699130514210382e+00   1.3414829545541138e+00   3.2080985205109297e-01
  -1.7138271396261898e-02   2.4255818442272242e-02   1.8989984845957011e-02  -1.6546190787317564e-02  -1.3895224825820732e-02  -1.0624151658892942e-02   7.3047647353594397e-02  -2.0979403209626834e-02   1.1594498475533646e-01  -7.2607484548848546e-03  -1.8682874833823382e+00   6.3294566895577020e-01   5.5066169000758791e-01  -2.3011257492514506e-01   1.0541563484681247e+00   3.7776418362440451e+00  -3.4116767793454428e+00  -9.8612970481572759e-01   1.1456129372621269e+00  -1.1066543821830235e+00
  -4.0709054705210359e-03  -4.3553261128937591e-03  -7.4937664845070506e-03  -1.3398081666960847e-02   1.6677007142470227e-02  -1.0042002181031811e-02  -1.2561558471330846e-02   6.2702857008664639e-02   1.2104683144790660e-02  -6.4263960259042397e-03   1.1094330878107654e+00  -4.0470223372978245e+00   3.0615724632797940e+00   8.5012113467571437e-01   1.1098732811276462e+00  -1.4369804646792901e+00   6.7431790507124703e+00  -4.8679662907127899e+00  -7.8410398764400632e-02  -1.5756699403152541e+00
   1.6384457237616536e-02  -1.1037747221252612e-02   1.3939239460510469e-02   2.1956251883602201e-02   3.9933610997115357e-02  -6.6228159109574372e-02  -5.0133277871672391e-02  -4.2587497440406972e-03  -4.8758820101197010e-02   4.6589128818852472e-02   1.4479111445670616e+00  -3.1326133638780900e+00   2.1067187674067616e+00  -4.5897795474726779e+00   5.4428000694287393e+00  -3.5041829799232893e+00   6.0145731373431923e+00  -3.1516623700846189e+00   7.4815878871650039e+00  -9.9708070449425694e+00
  -2.0485262640239275e-02   1.1112362016631031e-02  -1.8032983922593351e-02  -1.7042911752970506e-02  -1.3863414729092154e-02  -2.7603277295237441e-02   1.5249808332856940e-02   9.6151983175685445e-03   1.1070164772937986e-01   3.5270914506515941e-02  -3.5288721474602230e-01  -1.2511247744875436e+00   2.5745881301013864e+00  -1.9650719357862143e+00  -6.4590500964160757e-01   2.2848424994084438e+00   1.1167985463209440e+00  -3.1542554979455524e+00   3.7614392235801239e+00   2.0753425473755099e-01
  -1.0720954032428696e-02  -2.0394502376967667e-02   4.5393202728211688e-03  -1.9149463910091383e-01   1.6943883783151557e-02  -2.7358887559625080e-03  -3.1613346840413559e-02  -9.6642167181374057e-04  -8.6065005882722978e-02  -2.1656996490796245e-02  -5.9642013264376246e+00  -1.9273261181933135e+00   1.2502661171198877e+00   3.8644137660566569e-01  -3.2452219296057332e+00   1.0341171900401074e+01   5.0286751563709693e+00  -1.8065042493088312e+00  -5.0062877470091416e-01   4.2332096516737110e+00
  -1.1355690348237312e-02  -3.4322021106235447e-03  -4.1463953013715646e-03   9.4914490461425766e-03  -1.5362770607325398e-02   2.4921657554488269e-03   5.9850775469685757e-02  -2.7510049991501351e-02  -3.2285589026592575e-03  -1.4634703940767041e-03   1.0280270559160198e+00   1.0561603978244825e+00  -2.1593748306645786e+00   5.9877257985259613e-01  -2.8044651795940401e+00  -1.5260644605335898e+00  -2.1739480059977385e+00   3.6165695766659214e+00  -7.8502639414528630e-01   5.4037213566624800e+00
  -3.1091773881289451e-02   1.3862385553233148e-02   1.0559486158656503e-01  -6.5873009675898727e-04  -2.6826772755302541e-02  -4.2985506683078066e-02   2.9002821332128992e-03   2.2926697792974023e-02   5.6329155002401210e-02   8.2793233219585188e-03   1.5299313540947055e+00   3.2368721729360503e+00   2.2768041713619747e+00   1.8128488116679466e+00   1.1865768201485603e+00  -6.2029987835287548e-01  -5.6807273787002650e+00  -5.4996564410439444e+00  -3.6417934642732268e+00  -1.1159896128472126e-01
  -2.6157546718991996e-03  -3.7999231686814343e-02   2.0135986426381109e-02   1.5742318832595328e-02  -2.3946750018787828e-02   2.8149185099880090e-02   5.7763997852324618e-02  -1.2300402110675481e-02  -2.9186936326452712e-02   4.1083630345318929e-02   1.5668471263174368e+00  -2.6231562881014125e-01   2.6936135022374015e+00  -9.9903647680707286e-01  -9.5119027857428717e-01  -2.3419318531315452e+00   8.3462600801366837e-01  -4.1076369223157689e+00   1.4375479346486910e+00   3.6206367795913263e+00
  -3.6142835106609712e-03  -1.8942618338522631e-02   7.0766142727071470e-03  -9.1656812425210347e-03   1.0765640751976011e-02  -7.7723981526596044e-03   1.0093671627528836e-02   2.3584240010685625e-02   4.4361365265649023e-02  -1.1004015416068583e-02  -1.5122570038329630e+00  -6.7246523717376583e-01  -2.6886431246449907e+00   8.9987752345003791e-01  -5.8813842371373859e-01   2.3062199593524135e+00   9.2891252348539599e-01   3.1937727939784324e+00  -1.4384906741612147e+00   1.6121425808177992e-01
   2.5547704329938043e-02   2.1071402792716917e-03  -2.1116610783018526e-02  -1.8478126383452833e-02   6.8051633324766915e-03  -2.1479342469050956e-02   2.5208793786644802e-03   3.6839748692453288e-02  -4.9895700150150622e-02  -6.2530330436411426e-03  -1.8728478051791906e+00  -1.1315855636987733e+00   2.3673441799403259e+00  -2.5331322552501567e+00  -1.3414670561986244e-01   1.0917601266926160e+00   1.7555309571698892e+00  -4.2272709461097744e+00   5.5779871941097685e+00   1.2921177131511328e+00
   4.0972647872601197e-03  -9.5646266826501913e-03  -3.9246126696963056e-02  -2.6304199941108539e-02   1.8456950667243919e-03   8.3316636535532174e-02  -7.1301179703837751e-03  -1.0126285155929364e-02  -3.3902988043011568e-02   2.9081631532001800e-02  -6.1589067971351130e-01  -9.7189652197553167e-01   3.3800514928664120e+00  -1.7232551407770920e+00  -1.0334362717557732e+00   5.5813249608370263e-01   2.8741729283334898e+00  -2.3873443747390186e+00   3.9991986306887184e+00   8.0182020569196377e-02
  -4.9799471308218796e-03  -2.4377565890184711e-02   3.8932493168074511e-02   2.8779632482966815e-02  -1.6529740816533778e-03  -5.6596537266118086e-03   1.3537190910554962e-02   2.6258483343921377e-02  -3.6978564860700458e-01   9.8708567720013577e-03  -3.3040118450147298e+00   1.6544930963153790e+00   2.8956393614297555e+00   3.0634723984620538e-01  -5.7888092514890799e-01   5.3477468120490910e+00  -1.2776918444253160e+00  -3.8408098344228652e+00  -8.7067950248402226e-01   1.3605868184185950e+00
   3.7993409186600248e-03  -3.6090426559964535e-02   2.4134586661530791e-03  -1.3067304599456459e-02   4.7949674072396134e-03  -1.2474102242006971e-01  -2.2082158134038271e-02  -5.8443306738551963e-02   4.9712286685598866e-03  -5.4994449456611683e-03  -1.3945656065667664e+00  -1.6170230289605727e+00   1.0902310826524040e+00   2.3029643818869308e+00   2.2601825165620220e+00   3.3290018842580849e+00   2.5489278620626843e+00  -1.9706614758187118e+00  -2.6623705535527065e+00  -3.2668745427881034e+00
  -8.4164156345508181e-03   1.4312006222505589e-02  -1.1897038757260276e-02  -1.7857826581975291e-02  -2.5064462964499254e-02  -1.9625646366654408e-02   6.0627909165983929e-02  -1.3980611644808139e-03   6.2548893010555395e-03   4.1854401943100361e-02   2.9460815345795042e+00  -3.5703843484901916e+00  -5.5591524411378113e-01   1.1214423000616319e-01   5.5697616608618459e+00  -3.2712125962116709e+00   4.6279105952860320e+00   1.0473672933713545e+00   1.2258432630945542e+00  -7.7563228244648457e+00
   7.9814748380336849e-04   2.6541929925292633e-03   1.7480836915665935e-02   3.4692353059322403e-02   8.6881817274177098e-02  -1.0586078904003569e-02  -9.6170229395612691e-02  -2.3499358434022947e-02   5.1211299377799755e-03   1.2171027219664270e-02   1.4547923695582246e+00   2.0327628281113701e+00  -3.6067110893084031e+00   2.5527959772686275e+00   8.7955116161146887e-02  -2.4880775983239354e+00  -2.9652156944385246e+00   4.6280713682893948e+00  -4.6658838231729405e+00  -1.0318099826299696e+00
   5.0828308888587392e-03  -6.6587699989859819e-02  -7.6819840971222072e-03   4.0693377687977692e-02  -2.7185104920877320e-02   2.1786414684663375e-02  -2.7873620951342434e-02   1.6702931963328746e-03  -2.2422871236876175e-02   6.2651114491054247e-02  -5.7006256473428012e+00  -1.7350455959313105e+00  -1.3697634373276846e+00  -5.2177205419069344e+00  -1.1048669354097265e+00   8.5714142323300564e+00   2.8979513475027003e+00   1.9581734722581738e+00   6.2025774241286475e+00   3.8271105209487830e+00
   2.2676624659063036e-02  -2.6880124760713022e-02   3.4677385256793062e-03   1.1392914352045301e-02  -1.2975030907367280e-03  -1.3119382584277592e-02   1.4524970083217336e-02   1.2113775265236698e-01   1.4569514953426201e-02  -1.0510554693596390e-02  -2.0638961935221558e+00  -4.6996818387757974e-02  -8.0446873006561959e-01   2.8131094897260192e+00   1.3844414694649658e+00   2.8177001711407024e+00   2.5884498213546552e+00   7.1335313793210575e-01  -5.2816540220022548e+00  -9.0482527195879103e-01
  -3.9417096605904424e-03  -5.3625841918545653e-03  -1.5649117177043502e-02   1.8117764715965583e-02  -2.5687850691677110e-02   5.3171854512091138e-02   1.4894346592273650e-01   1.1491602663441293e-02   1.0132201145482359e-02   3.0884222135123584e-03   5.1269103753510521e+00  -2.0727330105844639e+00  -1.9567391817088482e+00   1.8174824355753261e+00   2.1903021198224284e+00  -9.2709660178350717e+00   3.0335297287830549e+00   2.7562847270537167e+00  -4.8477992038773214e+00  -2.1893186836894105e+00
  -5.3262446227085574e-03  -1.7893545315588899e-02   2.5128857966116185e-02   9.2534179288645095e-03  -3.4574253235058451e-02  -4.4839033808611439e-03   3.9347317792361496e-02  -2.7098164588728397e-02  -4.6915322978333042e-02   4.9092140164885077e-02  -2.3594346733340705e+00   7.1222102878665233e-02   2.3721797016995234e-02  -1.2089948680937153e+00  -9.1745668883982529e-02   3.5664839752292017e+00  -1.8447202897691324e+00  -1.8868901733070433e+00   1.6657186371562722e+00  -1.7552576019234256e-01
  -1.8560788605857831e-02   5.7846207703773980e-03   2.4860783417876706e-02   5.7582379740785594e-03   5.7320212469812283e-03   1.4041178969342169e-04  -2.0035720782386978e-02   1.9576006494301385e-02  -2.9969268732676795e-02   4.8298170720677764e-03   3.7258724653395020e-01  -2.5830263408270420e+00   2.2497154026385360e+00  -9.4375097453688384e-01   2.3013311477090963e+00   1.1977883184527787e+00   3.1890833839416284e+00  -3.4705088534949167e+00   1.6791750972066455e+00  -4.0012401188683091e+00
   1.3077406154055350e-02  -1.5668976192458640e-02  -2.2300784603959567e-02  -1.7985968412052796e-02  -1.4835397553326515e-02  -3.0733720703250953e-02  -4.4693357598795884e-02   1.2221698792365990e-02  -2.4132090842689521e-02  -3.4186941621774402e-03  -3.7743167845552876e+00   2.0754211677821957e+00   3.0820481634762218e+00  -2.3319045469016073e+00  -1.3402100211364869e+00   5.6467167882787406e+00  -2.3206321296883683e+00  -3.5020654984110204e+00   4.3355560371379545e+00   3.2083003208154297e+00
   8.9961481775301354e-03  -9.0661371374294378e-03   1.4908074897063662e-03   7.1548523907659118e-05   2.4749086714741467e-02  -2.1177027018214285e-02   3.6814090189016642e-03  -1.2377300436696488e-01   7.9471172194164649e-02  -9.5617899469655973e-03  -5.1089489060813198e-01  -1.4828298890143587e+00   1.8499198688286598e+00   2.6751104682276119e+00  -2.4903270244552977e-01   9.6960079380604169e-01   2.1062146838030511e+00  -2.5347190936920940e+00  -4.8805474520374048e+00  -6.9371692704167953e-01
  -2.8289023722415468e-02   6.4192552849374460e-02   2.7988636369507304e-02   8.9582610662981302e-02   5.7191478873670158e-03   1.8921936332906786e-02  -6.3364714943683342e-02  -1.9150253734508928e-02  -8.3502680139064395e-03  -2.7454243695061113e-03  -1.8242867152237702e-01   5.0269301832170372e+00  -2.8862939600429236e+00   1.0393437929405021e+00  -1.0597250137029006e+00   2.8120387409200180e+00  -7.7148301779477153e+00   3.8587495573985646e+00  -1.5926799334158714e+00   1.7685970431226126e+00
   7.1439978333123696e-03  -1.8866854496050637e-02   2.1264993539126991e-03   3.4387686238819722e-02   1.4115826823091421e-02  -3.3080348266694925e-03   1.1383719286318322e-02   6.7590707340315298e-03   1.5681027072623518e-03   2.6416017229694538e-02   4.5805859271588711e-01  -1.0006663960206727e-01  -1.4106144381610124e+00  -3.9016772321438049e+00   9.8416763453737499e-01   2.8947546370956145e-01   1.5108546256263982e+00   2.0400943581027713e+00   3.7774059919322442e+00  -3.0269073237100930e+00
   2.2979192168377467e-02   1.8732113059489956e-03  -1.6264498778412757e-02   3.4537616318092240e-02  -4.5648262969440476e-03  -3.5444369881019101e-02  -1.6810584559887069e-03   2.5718892638140704e-03  -2.6351126023110901e-02  -9.1790933932215782e-02   1.5750436063975903e+00  -2.6988905392651814e+00  -7.2415726043837592e-01  -1.4875212303213994e+00  -6.0133640129195398e-01  -3.8650142760401827e+00   3.8747392645723586e+00   1.8011484791543402e+00   1.3320131005566069e+00   8.2392048373041538e-01
  -1.2015158033172131e-02  -8.1163773539741305e-03   1.6869335437708632e-02  -3.0833682340307304e-02   5.9111081742442848e-03  -1.1762550510966968e-02  -3.4789763690025198e-02   9.6958805982335916e-02  -2.2922419636127560e-02  -4.1723377913219603e-02  -2.5599680416373460e+00  -2.3861026840727098e+00  -2.1221550411593265e-01   1.8695764167868869e+00  -6.8212853888281044e-01   5.0154292005623224e+00   3.9386763360189470e+00  -9.6286323949142438e-01  -3.8569416005544938e-01   2.2458306379240658e+00
   8.4284862636224145e-03   1.4873224580861306e-02   2.7734112793205423e-02  -9.8219968811192309e-03   3.3273429084458832e-03  -5.6894478003802302e-03  -1.1940656369977366e-02   1.1653690353599998e-02   6.9666357894702380e-02   7.3189845534074923e-03   8.2131217593119032e-01  -7.2660160403493801e-01  -9.1427207922604958e-01  -2.1357053354072306e+00  -3.7323788042091302e+00  -1.3497748850281395e+00   4.5407515335772269e-01  -4.5453157239433967e-02   4.4414146440911342e+00   4.8814191627197241e+00
   1.5459189750002930e-03   3.3930144545916099e-02  -2.7829054511536843e-03  -2.5293023514309523e-02   4.1413205317818051e-02   3.6768007132301685e-03  -1.5140987809191602e-02  -1.6169454986085630e-02  -1.5833273063036956e-02  -5.3155270822356562e-02   3.9383596757093220e-01  -7.0633027627398559e-01   8.6400776692714387e-01  -2.0541841490856689e+00  -6.9936554329394129e-01   6.2141823312655176e-01   3.1368448136121185e-01  -1.6946737209547293e+00   4.2144386950968951e+00  -1.4430710003588494e+00
   1.4235410597097958e-02  -6.3471614973116429e-03  -1.7556069201439078e-01  -8.9247660103457284e-03   3.0699269599712493e-02  -1.8726704193165637e-02  -8.2286206293818824e-03   1.3583878725697968e-01   4.7710217927790247e-02   1.5199282669713236e-02   1.3390132463262025e-01  -2.0925055610907184e+00  -3.5826122901519821e+00  -2.6080353943098866e+00   2.3044795021483817e+00  -1.1285387099738073e+00   3.4364613762255121e+00   5.7447704810391285e+00   2.6211053570988776e+00  -4.7632137405939829e+00
  -1.6576654007566350e-02  -1.2403697005109049e-02   8.8335582848601824e-04  -4.7153852946145255e-02  -9.8450912921186438e-03   1.2713677243136157e-02   4.5618540524862077e-02   6.6914202089665654e-04   9.1361865516568514e-03   1.9645831168222513e-01  -7.7291947739678246e-01   2.2449678633317740e+00   1.9149463223647882e+00   6.6489312389433308e-01  -2.0189408746449216e+00   2.0228485892341057e+00  -3.5370950426600940e+00  -2.9535290951897299e+00   6.4077378020739362e-01   2.8157535438013923e+00
   1.4454665285554355e-02  -2.2038761684125769e-03   2.9089337319243048e-03   4.0596514827786903e-03   1.1886269972704925e-02  -1.8183831745124324e-02   4.8844855623275944e-02   9.2353807730971849e-03  -9.9987716541237476e-02   4.6544778353380910e-02  -1.7569926730565300e+00   7.3280875479136298e-01  -1.6992786256178105e+00  -5.3708482829630877e-01   1.5865638325250815e+00   2.2519287795538583e+00  -1.6047568581978495e+00   2.1914013874839662e+00   2.7866021831420387e+00  -3.4917843972409699e+00
  -3.5979698564741545e-03   2.1349612988578206e-02   5.4537556553974270e-02   3.0658344063156276e-02   2.9129287078785004e-01  -1.5188117707126870e-02  -2.1867922382410261e-02   1.3996744727011848e-02   4.2395310967876174e-03   1.5810925811614554e-01  -2.8887367571467655e+00   2.8037249315687323e+00   2.8779256273254705e+00   7.3787884527855461e+00  -1.3602428846694288e+00   4.7301991417911378e+00  -6.1592383391834780e+00  -5.5465544513707306e+00  -1.1680780700571715e+01   1.7311480457707280e+00
  -1.0389782024544877e-02   4.6184273431054357e-02   1.1328797779143931e-02  -2.3124661443514514e-03   9.2533324121379067e-03   2.5031884353202197e-02   2.3635447139286090e-02  -9.3185646107197867e-04   3.1765155312275986e-02   2.7989058682996705e-02  -1.6005534315655781e-01  -1.1234814859769138e+00   1.7674784486763253e+00   1.5869356188304031e+00   3.2280985541643159e+00   1.1587237559132169e+00  -6.4152013030603616e-01  -2.9707440586661753e+00  -2.3988439921317330e+00  -5.6225524207232622e+00
  -2.8888511613903441e-02  -4.2517166244325196e-03  -2.1273006839050933e-02  -1.1384867399627735e-02  -4.6576738689147121e-03  -3.2358661225368193e-02  -6.4900265128828946e-02  -1.7315503982450482e-02   1.3474159397717197e-02   4.8087715691956009e-02  -1.6332394879114687e+00   4.2341154394340730e-01   1.1829987236189317e+00   1.0138789615504502e+00   3.6380651005959255e+00   5.0605812458966035e+00   1.1385319720460108e+00  -8.8290046151241530e-01  -8.7660949029295354e-01  -5.0322774193194517e+00
   1.6476633139405499e-02  -1.4262999893996228e-02   4.2188858338052901e-02   9.5969891469988924e-03   1.7626053227303189e-02  -7.0634030971203042e-03   1.6717571870577815e-02  -5.6589036696626474e-02   4.9249554577667290e-03   3.5668053110358582e-02  -4.0535190024703172e-01   2.1829087334084418e+00   2.9528185087558811e+00   1.8651524650488891e+00  -2.4951257393332025e+00  -3.5719267622654932e-01  -2.5325700749753093e+00  -5.4342698198845243e+00  -3.4644377934883406e+00   2.8270256167552508e+00
   1.4791638018551266e-02  -2.3325042069747694e-02  -2.5709830172285796e-02  -9.2261528530137726e-01   1.9658208663812037e-02   2.2977501089009145e-02  -2.8913108032085928e-03  -4.0026435183561681e-03   3.8060931589447421e-02  -3.2677329689051959e-02  -1.2363789096701752e+00   1.8519346495872551e+00  -1.7864199120172595e+00  -1.5722630555148279e-01   1.5814212071998461e+00   3.8086682065269895e-01  -1.2912426625632099e+00   3.5147451830726109e+00  -1.5971544793815999e+00  -4.2889772534930728e+00
  -4.9264809500211594e-02   2.6787085379462689e-02  -7.5001338210233318e-03  -5.5889666852732157e-03  -1.0942868181609468e-02   4.3859286627954651e-02   4.3861260698232632e-03  -1.9079081039398533e-03  -8.4347370064600150e-02  -9.2252168548115597e-03  -3.2872880895186349e-02  -1.0264562907852011e+00   6.4560075179537846e-01   2.4657638050490771e+00  -2.3682578814539537e+00   1.6214668821610373e-01  -2.4878508555974499e-01  -5.6017548159204833e-01  -2.6170507165750001e+00   4.1368480601877797e+00
  -1.7477333105549914e-02  -4.2355904893942434e-02   1.8832002593722100e-02   1.2402491347473552e-02   2.7881384748342938e-02  -4.1816173272068019e-02  -6.1663528411358234e-02   8.9731929105538212e-03  -4.3220420728972198e-02  -5.3136402825652504e-02  -1.0306779727254847e+00  -2.6000317621732072e+00  -2.3758332557980464e+00   4.5705283458007051e-01   2.3872093552957746e-01   2.8726170908977258e+00   2.9950838480719120e+00   2.8734100145903687e+00  -1.5075007082589640e+00   8.9505361302735886e-01
   6.0992148082152288e-02  -3.3995271012073718e-03   8.7964438140825940e-03   1.1484253915551568e-02   5.4514701254326416e-03  -1.1200632771994419e-01  -3.7733523257163543e-03   1.8077224582615532e-02  -7.6286040977319738e-02  -3.5553574010923454e-02  -1.4740978928567641e+00  -1.6211649224975060e+00  -1.4940139470363973e-02   1.7248486452570708e-01  -3.7982671538220689e+00   3.3438999429004439e+00   2.7751840276272102e+00   1.0808061087564801e-01  -8.9564315897755786e-01   6.7253226678052940e+00
  -3.2869946195097144e-02   2.7512216648228612e-02  -1.5777696405368899e-02  -2.4129213495739576e-03   1.4916275850189838e-02   1.3099110550282733e-01   3.0065734316655466e-02  -1.7593523074925222e-02  -4.0211043104838556e-02  -7.3643896391141439e-02  -1.7365730891851079e+00  -2.6221457184102270e+00  -6.0675322027848111e-01  -1.8414962033908924e+00  -2.0617402307862029e+00   4.8290536826197608e+00   1.7007259310819167e+00   2.2844802020640138e+00   4.4467485330456231e+00   3.6722721471488486e+00
   1.1668423040626204e-02   7.9253091981303231e-03   7.2324404950875601e-03  -1.1439886890189365e-02   7.0561084298654028e-02   5.5389633009334638e-02  -1.3473044919473232e-01   5.2707009407777002e-03   3.1719298083952900e-02  -5.6406885258038629e-02   8.8092134637577768e-01   1.4645267901513828e-01  -2.0318370426245242e+00   3.7594055734670317e-01   1.2052455163041833e+00  -2.4528912730216410e+00  -1.1666349646265960e-01   2.9843123727207699e+00  -2.7443931024136325e-01  -2.2215649244662647e+00
  -4.0728958105137802e-03   1.8254205597622562e-02   9.1993539277331043e-03  -1.6802021354105672e-02   5.4702215255426692e-03  -1.1263519256426753e-01   3.1715547299718725e-03  -4.7193832824907030e-02   1.1112979918856233e-01   3.3695109834530430e-03  -5.1222727246456143e+00   1.4755253331194615e+00  -4.1258262910439134e+00   1.0163585450271211e+00   1.5254658565266950e+00   8.7681601779226899e+00  -2.1259574943873378e+00   7.3089498392135175e+00  -6.9251394220083562e-01  -3.1585223084860141e+00
   1.2592463870457347e-02  -2.4744161202602075e-02  -1.5588614963306028e-02  -2.6571523011891206e-02  -1.7811177128068884e-03  -6.5615773854256931e-02   3.5389117390483761e-02  -6.1561979933054969e-02  -2.5714612368700179e-02  -2.8996273457628393e-02   3.2122020554977559e-01   3.0571249751451992e+00   4.3122495508201073e+00  -6.8440371614141482e-01   1.3839554227389099e+00  -1.3231109183850067e+00  -3.6794274875172692e+00  -6.3686553058026085e+00   3.4236288321186654e+00  -3.6136253950647901e-01
   2.2165684788330399e-02   6.9997770466797685e-02   1.0592499419984365e-02  -2.1194303856779648e-02  -9.1037343864254928e-03  -1.4605344942106467e-02  -2.7403874354250762e-02   5.9626765513708262e-02  -6.7099899886748443e-02   8.0964861836079816e-02   2.1402279202798229e+00   5.7163565460232058e-01   1.7991531927591586e+00  -8.9310917048391253e-02  -1.6775258634380765e+00  -3.3531882542172613e+00  -2.0736041424831679e+00  -4.1273067704506312e+00   9.9130023159220881e-01   2.9446742921099056e+00
   1.0478535951634655e-02   2.6801576847090582e-02   3.0103998511665318e-02   5.6486495367555033e-03   4.6387305931676701e-03   1.1298243150989528e-02  -1.8806992332297150e-02   4.6460094574547979e-02  -1.9531647732773640e-02   9.5652857298652704e-04   6.5101906017419220e-01  -1.8867174096975041e+00   8.8980431451185749e-01   1.0507662418351977e+00   3.0716388752028743e+00  -1.8098345133912057e+00   1.2461490651792548e+00  -4.0214147496049071e+00  -1.5320363005576252e+00  -4.6762294593952882e+00
   2.0131491576519292e-02  -6.7809636196186369e-03  -6.5952920187652229e-03  -1.9466386087149668e-02   3.1571929508956931e-02   6.0779101741897310e-03  -9.8080260686703082e-03   1.0733021680601303e-02   7.1106496207808401e-02  -5.3906750405688566e-03  -5.2275499559955352e-01   2.8502160096075717e+00   7.4140757603735197e-01  -2.7129243682564630e-01  -1.2328738038757687e+00  -6.1234002243524099e-01  -3.3201920119592065e+00  -1.1343487479615466e+00   1.6938130812132068e+00   5.5191677167666808e-01
  -1.6279090652114789e-02   2.1391399636227319e-02   1.2713580165092666e-03  -1.9216285905034443e-02   5.6620750819627056e-03   1.6457386992424130e-02  -7.1661009131187864e-02  -6.8456116314242451e-03   2.2127504363362169e-01   4.2135792392513770e-02   5.8825220857845617e-01  -2.2927321784212791e+00   2.2496854120228886e+00  -1.3822768752443829e-01   8.1191010555434151e-01  -6.9759640100619713e-01   3.3420119818621412e+00  -3.0646327484960079e+00   6.2163413107311427e-01  -1.3944882905496805e+00
  -6.9489145844798842e-03  -2.5118765211168233e-02   1.0898052335155206e-02  -1.3561636262257577e-02   1.9054042142095589e-02  -9.7967307616193770e-03   2.8596749819279243e-02   3.8457081159746533e-02   2.2973675611327300e-02  -1.9701035506266014e-02  -2.3894895277867074e+00   1.4871519429410160e+00  -1.6819663241154139e+00   2.3991423311939468e+00   3.7175994424935794e+00   3.8779882774798451e+00  -2.7396056124671769e-01   2.2107597504192826e+00  -3.8513737854528922e+00  -5.8514992319410482e+00
  -2.5570982603369825e-02   1.0236340044224392e-02   5.5191142207701395e-04   2.3643755815944145e-02   2.2931726722115113e-03   3.1814434114077278e-02  -4.6737863670721956e-04  -5.8327100385312820e-03   1.8207956892036595e-02   5.5919181555843529e-02   3.4013057788694483e+00   2.0457872581296512e+00  -4.4056876871578758e+00   3.1649663956483902e+00  -1.7779610685700840e+00  -4.2020110343767172e+00  -3.3022827614882484e+00   6.1642478377173067e+00  -6.1976668896960714e+00   2.4915479745287659e+00
   1.3962178024449455e-02  -1.9470936237476779e-03   1.5183391490992716e-03   2.1023272793851223e-02   8.4919680820182645e-03   2.3496550741757417e-02  -4.2243559153899313e-03   6.8420745195207932e-04  -1.6823357737565874e-02  -1.6978236271728592e-01   6.7365805712659643e-01  -4.0614721132264080e+00  -1.6491652548731295e+00  -2.8070251736154366e+00  -8.9775870536122382e-01  -2.0561456769272275e+00   6.2811449495424423e+00   2.3645327220127093e+00   3.7685075771119809e+00   1.4478714931709926e+00
   7.3193981295156016e-02  -1.5094811338338162e-03   8.4624991749785126e-03  -3.7255547328540480e-02  -1.0028589816768841e-02   8.0950133870148669e-02   7.2479816149764262e-03  -1.9762283832178876e-02  -2.6877121874654131e-02   1.2256347181669061e-01  -6.3883471790926682e-01   2.6775625085258605e+00   5.2294676949627417e-01   1.4056848347615645e+00  -1.8201523235327812e+00  -8.0734949377831922e-01  -3.7115624356635992e+00  -6.1012934987334344e-01   7.2587438239780178e-01   3.5799359141368017e+00
  -4.2123449149131929e-02   1.9222116931382699e-03  -1.6440857809086627e-02   1.5794489993401863e-02  -1.1090739592763252e-02  -7.9362086834501664e-03   1.2313369119088669e-02   2.6973801259740748e-02   9.3207187020449639e-02  -6.8978417145710755e-04   2.7333300692958318e+00   8.4790881396568407e-01   2.1918271211266527e+00  -8.6041539073755569e-01   1.1019054561987411e+00  -8.3280519522341256e-01  -1.4701565919180879e+00  -3.8247612848859056e+00  -3.4755012408332331e-01  -1.3058784053944010e+00
   1.9079960008790843e-02  -2.4365473292421645e-02  -8.7133002998028408e-03   6.5812350521943629e-03  -5.9780857307711370e-02  -9.2670052352165581e-03   6.6945468692783128e-01   8.5668048029551788e-03  -3.9886446849794061e-02  -3.5127915035991549e-03  -1.0824360243929472e+00  -9.9107094997626288e-01  -1.4989525198685310e+00   3.8341634368598232e+00  -7.8782543040260644e-01   8.2129380302431265e-01   7.1796104188036158e-01   1.9174282420598268e+00  -6.8023810570474916e+00  -7.9084267402197839e-01
  -1.4712770742699496e-02   1.0312418941414884e-02  -1.1947834241364169e-02  -9.8642860781365197e-03  -3.1716422998007477e-03   4.2486008199377145e-02   2.2860012001159030e-02  -1.6887056801865065e-02   7.1515969604856039e-02  -2.6813955455959760e-02   3.6983081157344411e-01  -1.5417268712504268e+00  -1.3925305031912369e+00  -9.4625283994490972e-01  -4.3566913417706923e+00  -1.7154003053704123e+00   1.3998562962188139e+00   3.0752117429376655e+00   2.0623281649021785e+00   7.0649450789332340e+00
   1.1177826918030280e-02   1.0046602992637758e-02   1.9229171979848077e-02  -1.5199505127800165e-02   1.2179045133530839e-02   2.1201054456685700e-02   2.4629174234616089e-03   1.1702880417892776e-03   5.1803519886267600e-02  -2.9820397030107058e-02   9.3679107493337721e-01   3.5915640031955789e+00  -3.5298462554511119e+00  -2.0749790450565437e+00   2.3718588956561568e+00  -1.5820765814593014e+00  -6.2972143513469261e+00   4.7264368865545920e+00   4.6968010295913727e+00  -2.5028925932350941e+00
   1.9842131536565003e-02   2.8925269418809126e-02   6.9337900942789653e-03  -1.4492663087133699e-02   3.3278507223492827e-02   9.7226645172070261e-03  -7.5190437060559017e-03   4.4209213436227558e-02   7.5802464826312033e-02   3.1085530941501661e-02   2.0103118079898361e+00  -3.1767031664085570e+00   2.4410226157836967e+00  -5.3112867915063533e-01  -1.6729799968203940e+00  -3.9573291625022193e+00   3.4102151011762354e+00  -4.4701171903128252e+00   1.8419820812094823e+00   7.1140441424326617e-01
  -1.1725852407967384e-01  -2.4398762158614411e-02   3.8752669395751699e-02  -1.4625072825708259e-03   1.2810664452916952e-02   1.1792032944695813e-01   4.7881399117702733e-03   3.3541473183218977e-02  -3.9382535797694677e-02   1.1605281922462591e-02   1.7042312697921175e-01   1.0194500993316920e-01  -2.5165599560583374e+00  -2.9428215525487360e+00   2.6151978785360823e+00  -8.2889734188721875e-01   1.6356346930704528e+00   2.3207509749944650e+00   5.0153245251257763e+00  -5.3928580943490925e+00
  -1.3990924235763775e-02  -2.4417328166902525e-02  -1.7868666543973975e-02  -1.7158602418609406e-03  -3.5851569763488051e-03   1.8965607893643724e-02  -2.4770643093195252e-02   2.6869204725558562e-02   2.1003736548479937e-02   1.7042918430900497e-03  -2.0721167227677006e+00  -1.1767404514742387e-01   2.1652820432513233e+00  -1.7592657849764666e+00   2.0565337082248112e+00   2.1242426514229318e+00   1.8106000941208833e+00  -2.5187695814309912e+00   2.6863903486070244e+00  -3.8999716482106299e+00
  -1.6205432598810334e-04   2.7001027010229727e-02   1.8883028398323876e-03   3.7464847508953278e-02   2.5989639392745437e-03   9.0761187994563189e-02  -8.6855915517766134e-03  -4.9252711016375815e-02   2.5084909677496440e-02  -2.2856451506572642e-03  -2.1553909527686170e+00  -3.1103808330319258e+00  -4.9071818818234041e+00   3.4053226396675362e+00   1.2969159657961489e+00   5.5318627614261540e-01   2.9284501985592253e+00   8.8248338579926457e+00  -6.9695983342290999e+00  -2.4144610955999126e+00
   1.7102343545038333e-02  -2.2331418329118540e-02  -2.5685519058648801e-02  -2.2942245704205406e-02  -9.2029971979335906e-03   1.9920106673527522e-02   3.2600826861107206e-02   1.0716958062206773e-02  -3.5359945873549119e-02   4.5594759605871039e-02  -2.7485960329026855e+00  -1.3389240073788811e+00   2.5067783646511088e-01   4.5064625302052591e-01   6.0048372868735944e-01   2.9204703893863115e+00   8.2356329324632516e-01  -5.7333749813326795e-01   1.0828684443313361e+00  -9.6460714285322124e-01
   1.7183568838171671e-02  -1.7169846683801913e-02   1.9253730441525962e-02  -7.6948017843128354e-04  -2.0666086745389507e-02   8.3429078014191798e-04  -2.4908214635902315e-02  -4.6584832242082845e-03  -5.6711781077252027e-03  -8.2208845353553290e-03   5.8942482515726013e-01  -2.3936093282054478e+00  -1.4781186058165308e+00   1.2552745165181003e+00   2.7255308358618873e+00  -2.6850705754974844e+00   4.7699618667587540e+00   1.0576818603308737e+00  -1.2160060715246719e+00  -4.5492252465885805e+00
   1.4411159353873563e-03   3.1917328389971703e-02   2.4432354172027996e-02   2.0035974598781515e-02   1.5557246747058719e-02  -2.8440637102169358e-02  -3.4570451852667640e-02   1.8956497649774222e-03   8.6682020303096626e-03  -4.2348680279043628e-02  -2.6984929627857746e+00  -2.0410647497563544e-01   3.9220316044354386e+00   4.0823311618576570e+00  -8.5974264136127021e-01   4.9422196888819396e+00  -2.0018398668190782e+00  -5.5824301464805099e+00  -7.9394646071398958e+00   6.3064593888394160e-01
  -8.5294053338000105e-03  -1.5751680922314149e-02  -4.2132799795549493e-02  -1.0596301377960816e-02  -1.6770289604811410e-02   7.0424154079432441e-03   4.5121586781265183e-02  -6.2772210474164253e-03   3.9286282166203931e-02  -3.9750213479182367e-02   2.1750889431643334e+00  -2.6186995678427671e-01  -2.0877852451004536e-01   1.3712882563488917e+00  -1.1675790822525873e+00  -3.1966524412795665e+00   1.6502929061725804e+00   1.9913893855319591e+00  -3.1165947944245547e+00   3.2085830384365530e+00
  -4.0431889899070136e-03  -1.4974141947388629e-02  -1.8816122295209205e-03  -2.4128666718185136e-02  -1.2496867943537276e-02   5.6767153361059128e-02  -6.1614181139099163e-03   7.3927237262142280e-03  -1.3111662866353894e-02   9.7453585668828002e-03  -2.5698513715142213e-01   6.1947741393364728e+00  -8.5462150151326810e-01   5.3846838961101130e-02   1.8072100307664554e-01  -8.3649847652383380e-01  -8.4307089034493359e+00   1.0018571704152248e+00   1.6592241365742140e+00   7.6189068707315488e-01
   6.5085857624297815e-03  -1.4252603551413442e-02   1.6020379982576161e-02   2.6578791035108636e-02  -1.6149950317591213e-02  -4.3322014524440046e-02  -3.3267901716779603e-02   1.1611800627392820e-02   3.8033353532064681e-03   4.6864413428428210e-02  -4.1776771429534616e+00  -1.2423664348589112e+00  -2.3497287568553982e+00   2.4651093343891510e+00  -1.4984886701265210e+00   7.2956307669150018e+00   3.1803249796029349e+00   2.9420491620706990e+00  -4.5567516369402243e+00   3.7595300350693992e+00
   1.6531473093599928e-02   2.1847786661658233e-02  -9.2687796804097923e-03  -9.2073086291786926e-03  -9.8461062143557852e-03   2.8631247013768575e-02   3.5507132310467837e-03   3.4455502855093245e-02   2.2294291785690088e-03   2.2216424363155060e-02  -2.5806144613038637e+00   3.6548774081034785e+00  -2.9708241510367701e+00  -1.1541433374730414e+00   2.3588782436085056e+00   2.0173683285399315e+00  -6.8925693316413863e+00   5.7060043540566792e+00   1.3557965039694062e+00  -3.5999527997693090e+00
   1.7088508428615111e-02   9.3987489762431837e-03   1.6933786311641844e-02  -8.3569431482315194e-03   1.4973081596983476e-01   8.2356744919099192e-03   3.5359803726197368e-02   1.0033446937785660e-02   2.6293230150916069e-02   3.5821723446560233e-02   1.1827420916371434e+00  -8.2186822590411845e-01   2.3259488887429609e+00   2.1963416337626720e+00   5.3096031103501728e-01  -3.3097839130593609e+00   1.0162089536428482e+00  -4.1492362435095238e+00  -2.8250002127693006e+00  -1.2117592318989567e-01
  -6.4563357610434950e-04  -9.6975354105036746e-03  -5.8016510174608194e-04  -7.9184417386752026e-03  -3.6669884705941562e-02   1.9405335106478957e-02   2.5306723856792904e-02  -1.2744395943505499e-01  -9.2230076529513667e-03   8.1943331722695058e-03  -2.3817225795883252e+00   2.7159856616270699e+00   1.8086402583262002e+00  -1.4050036527073850e+00   1.7412751511577669e+00   2.6410367563416410e+00  -3.3783322773601614e+00  -2.2032195753809378e+00   2.3225907624417035e+00  -9.8910388359096779e-01
   3.1056697297839823e-02  -2.6237521757278069e-03   1.1201229715981783e-02   2.3707646402862837e-03  -3.3639176393878236e-03   1.3537309885816071e-02  -7.2889756716065915e-02  -2.8966022374623521e-02  -7.0663388740634034e-03   3.8044657568976736e-02   1.0595786065269361e+00   9.6418103023360735e-01  -2.9967837973385314e-01   2.7350899176538652e+00  -2.0055730212318874e+00  -2.1774288588316377e+00  -8.4243697503623194e-01   2.1964368615530869e-01  -3.9668310591958966e+00   2.0273618263495643e+00
  -2.7837673680916684e-02   1.5255094352051407e-02  -5.0645968538799505e-03  -1.1204186663390682e-02   7.3285076569351362e-03  -3.8595454816417483e-02   1.2567487599619381e-02   2.1853349234975488e-02   2.1648897980484628e-02  -1.0438419520380179e-01  -1.2994955211093897e+00  -2.2363650588919275e+00   1.6217833323322877e+00   2.4091293410221377e+00  -3.6497625159521330e-01   4.3260084453766030e+00   2.2099715892775187e+00  -2.5192013674142317e+00  -3.6915600068526100e+00   2.9957069234811184e-01
